residual bootstrap:
eta:  0.14794552091318852
p_value_eta: 0.013925323627124757
beta:  0.18800569990847787
p_value_beta: 0.07989917726124562

pair bootstrap:
eta:  0.14794552091318852
p_value_eta:  0.046077190767076434
beta:  0.18800569990847787
p_value_beta: 0.1413851601729096